cam_num: 4

cam_F120:
3633.77093798 0.0 971.44807084 3624.57530531 651.70242241 2.76737696 -0.16817082  2.15685324 -0.00008652 -0.00606629
-1.53489 0.0220206 -0.0678583 -0.00060853 -0.986393 -0.0563393

cam_LF120:
3566.33970877 0.0 965.97475579 3556.1457983 653.66621482 2.72837136 -0.21903942  2.49482229 -0.00124626 -0.00026514
-1.56553 0.0574051 0.707419 -0.999548 -0.889913 -0.452965

cam_RF120:
3651.21534934 0.0 960.57057275 3639.82641951 648.899533 2.77818491 -0.19200846  2.60448128  0.0003539  -0.0014901
-1.61024 -0.0743667 -0.815775 1.0731 -0.886096 -0.632594

cam_F60:
4719.52647674 0.0 980.0390043 4704.54668748 648.74244495 1.5504813 -0.02390909  0.06334536 -0.00064918  0.00344886
-1.52475 0.0242422 -0.0844542 0.0228401 -1.08915 -0.0121322

selected_cam_index(for_ground_plane_projection): 0
cam_to_vehicle_ground(rpy,xyz):
-1.56503 0.00269428 -1.54501 1.692 0.032 1.57429
